 
17.133 28.548 47.284
15.075 26.386 41.465
16.108 25.519 35.118
18.807 28.252 29.333
21.008 33.56 25.192
27.605 35.897 24.648
33.951 37.806 26.088
39.77 35.368 24.551
44.837 31.592 27.246
46.039 25.553 30.316
45.288 18.882 28.452
32.538 19.121 15.449
31.695 18.15 22.301
33.717 17.428 28.825
36.515 19.815 34.271
37.764 25.076 37.874
36.086 31.723 39.096
34.443 37.596 36.099
28.934 40.798 34.966
23.046 42.237 31.058
16.937 39.798 31.004
11.934 35.105 32.505
 
16.068 25.788 46.073
13.938 25.367 39.701
14.701 26.613 33.21
17.018 29.632 27.761
21.753 33.061 24.099
27.548 35.958 23.873
34.417 37.438 23.76
39.929 34.678 23.963
45.363 31.378 26.576
46.148 25.045 28.59
45.56 18.165 28.533
31.42 19.218 17.894
32.029 16.325 23.987
35.916 16.613 29.881
39.196 20.557 34.351
39.614 26.662 37.255
36.95 32.069 38.583
34.133 38.157 37.183
29.551 41.639 33.482
23.038 43.263 32.577
16.994 41.457 34.211
11.2 37.892 33.78
 
16.36 28.377 47.728
16.176 25.923 41.853
16.64 25.801 34.892
17.601 28.963 28.782
21.499 33.303 25.147
28.206 34.295 23.998
34.532 37.564 24.805
40.301 34.624 23.988
44.98 30.581 27.339
46.622 24.368 29.911
46.102 18.146 26.763
31.972 19.577 16.054
31.77 17.914 22.313
33.787 17.159 28.995
36.368 20.3 34.403
38.91 25.538 37.779
37.26 32.183 38.578
33.464 37.683 37.416
29.219 41.746 34.047
22.481 42.386 32.357
16.288 40.282 31.662
11.261 35.613 32.24
 
15.828 29.292 47.638
13.868 26.559 41.703
14.635 26.133 34.904
16.954 28.898 29.329
21.251 32.606 25.502
27.104 34.874 25.158
33.458 36.949 25.639
39.509 34.362 25.483
44.891 31.159 28.423
47.598 26.071 25.591
47.62 19.005 26.067
32.385 19.823 16.946
34.116 15.853 22.11
35.269 16.361 28.71
38.651 18.899 34.143
39.677 24.794 37.324
37.148 31.45 38.508
35.267 37.632 35.564
29.722 41.292 34.641
23.291 42.539 32.44
17.352 40.84 31.468
11.69 37.137 31.751
 
18.645 27.784 47.122
17.779 25.546 40.702
15.347 26.832 34.095
17.266 29.929 28.568
21.694 33.597 24.458
27.7 35.808 24.008
34.273 37.54 24.814
39.687 34.197 24.451
44.433 31.166 28.224
47.187 25.416 27.55
47.286 18.443 27.912
32.988 19.63 16.487
32.401 16.145 22.579
34.924 16.074 29.075
36.58 20.036 34.329
37.136 25.667 37.557
34.464 31.199 38.991
33.585 37.889 37.565
28.355 41.604 35.828
22.128 42.804 33.838
16.496 40.478 30.446
11.151 37.348 33.209
 
17.663 28.044 47.51
15.815 26.457 41.202
16.18 26.364 34.252
17.474 29.277 28
20.983 34.107 24.718
26.988 37.179 24.726
33.302 37.462 24.999
38.751 34.381 24.514
43.755 31.715 28.391
46.404 25.843 28.67
45.749 19.256 29.432
34.369 17.791 15.368
33.713 16.045 21.793
35.659 15.567 28.529
37.797 19.775 33.616
37.602 25.116 36.889
34.681 30.704 38.691
32.841 37.038 37.119
29.089 42.143 34.521
22.611 42.959 35.032
16.586 41.246 31.564
11.969 37.014 33.353
 
18.747 26.391 46.553
15.978 26.673 40.248
15.063 28.071 34.281
15.658 31.566 28.255
19.733 35.328 24.24
26.181 36.095 23.194
32.937 36.944 24.575
38.385 34.352 24.675
43.199 32.003 29.13
46.155 26.166 30.664
46.307 19.329 29.856
36.183 17.12 14.975
34.53 15.415 21.388
35.733 15.661 28.35
37.35 19.659 34.255
37.429 25.714 36.726
33.511 30.789 38.233
33.247 37.397 35.462
28.293 40.802 35.67
22.971 44.593 34.131
16.061 42.74 34.385
11.679 37.665 35.595
 
18.914 29.015 47.245
16.193 25.876 41.989
15.153 26.699 34.798
16.64 30.451 29.312
20.955 34.298 25.467
27.123 35.146 23.869
33.602 36.795 23.525
39.162 34.171 23.919
43.892 31.53 28.229
47.158 25.686 27.639
46.522 19.005 28.877
34.392 19.214 15.354
34.268 15.868 21.536
35.131 16.556 28.126
36.954 19.92 33.956
36.512 24.675 37.328
34.053 30.208 39.835
32.948 37.181 38.157
27.832 40.384 36.425
23.075 42.892 31.939
16.821 41.38 31.033
11.237 38.476 33.964
 
16.726 29.455 47.511
16.209 26.423 41.9
16.161 25.818 35.302
17.314 28.597 29.239
21.533 32.463 25.393
27.146 35.528 24.429
33.568 37.267 24.053
39.344 34.518 25.183
44.12 31.308 29.185
47.187 25.937 27.413
45.418 18.889 28.143
32.143 19.918 16.215
32.972 16.127 22.034
34.949 16.209 28.477
37.052 19.051 34.495
36.838 24.55 37.692
37.129 31.362 39.012
33.938 37.026 37.517
28.995 40.648 35.68
23.414 42.444 32.168
17.38 40.242 29.981
12.077 36.128 32.159
 
17.669 26.926 47.357
17.817 24.937 41.366
16.137 25.948 34.543
17.634 29.262 28.544
22.48 32.255 25.149
28.005 35.798 23.523
34.414 37.686 23.65
40.08 35.054 24.736
44.759 31.866 28.282
45.569 24.899 29.737
44.536 18.513 29.631
32.611 18.256 15.756
31.244 17.261 22.087
33.656 17.037 28.766
36.54 20.09 33.94
36.578 25.503 36.731
37.041 32.228 38.479
34.341 37.957 37.504
29.447 42.262 35.213
23.154 42.796 32.541
16.721 40.662 31.159
11.843 36.204 33.06
 
18.993 25.434 47.043
18.295 24.262 40.333
18.609 25.278 33.539
18.977 29.23 27.938
22.697 32.646 24.143
28.188 36.13 22.497
34.912 38.142 24.107
40.21 34.235 24.54
45.049 31.031 28.932
44.76 24.2 31.166
43.676 17.582 29.873
31.718 18.828 16.068
31.144 17.05 22.615
32.116 18.18 29.093
35.534 20.84 34.581
37.669 26.619 37.115
36.694 33.352 38.301
34.198 39.429 36.089
28.298 41.875 36.46
22.183 42.895 32.603
15.83 39.942 31.762
11.789 36.068 34.088
 
19.351 28.247 46.413
16.423 26.068 40.945
16.326 26.297 34.094
17.516 30.237 27.962
20.931 35.36 24.929
27.199 36.019 23.686
33.498 37.484 24.179
39.131 34.582 25.161
43.997 31.307 28.449
47.463 25.767 27.408
46.264 19.166 28.566
32.975 18.594 16.4
33.28 15.471 22.747
35.391 15.778 28.625
36.355 19.51 34.492
36.922 25.495 37.103
36.472 32.078 38.398
33.008 37.025 38.477
27.584 40.429 38.226
22.896 42.745 33.972
16.56 41.544 31.633
11.371 36.904 33.096
 
21.317 26.125 44.778
18.121 24.376 39.05
18.7 25.879 32.352
19.415 29.769 27.448
22.51 34.181 23.91
28.142 37.207 23
34.432 38.021 23.439
39.03 34.132 23.286
44.814 30.783 25.906
46.057 24.889 26.752
45.106 18.723 29.723
31.809 17.708 17.551
30.9 15.866 23.818
32.228 17.853 30.692
36.936 20.753 34.899
36.655 26.142 37.775
35.872 32.71 39.028
33.217 38.885 37.531
27.478 40.705 38.877
22.624 43.705 34.893
16.355 41.224 32.825
11.938 35.79 32.444
 
19.956 27.028 45.526
17.844 24.073 39.507
17.184 25.257 32.998
19.985 28.445 27.963
24.673 31.679 24.868
29.379 35.115 23.229
35.516 36.036 23.072
41.929 35.294 25.469
45.088 29.41 25.571
46.65 23.586 28.802
43.551 17.352 27.534
28.655 19.989 18.428
29.646 18.278 24.685
33.425 17.983 30.357
35.676 22.142 34.753
38.449 27.679 38.347
38.517 34.077 38.728
34.286 39.322 38.079
28.415 42.412 36.241
21.933 41.988 35.15
16.11 39.721 32.712
11.77 34.381 30.948
 
20.604 26.92 45.738
18.489 25.023 39.719
16.314 26.731 33.293
18.123 29.524 28.038
21.77 33.97 23.753
27.345 36.109 22.94
34.26 37.724 23.685
39.94 35.178 25.719
44.088 30.68 28.082
45.587 24.715 31.047
44.777 18.393 29.277
32.499 17.638 16.071
32.22 17.323 22.739
33.661 16.158 29.572
36.21 20.137 34.237
37.546 26.191 36.906
37.147 32.805 38.237
32.96 37.969 37.876
28.485 42.564 36.37
22.134 42.817 35.199
15.757 40.532 33.139
11.493 34.755 32.641
 
18.794 24.545 45.215
17.46 23.811 38.596
16.11 25.896 32.251
18.131 29.644 27.148
22.387 33.717 24.377
28.166 36.144 23.227
35.005 38.06 23.874
40.948 35.51 24.783
44.35 30.272 25.676
45.16 24.923 30.323
44.302 18.293 29.159
30.373 19.397 18.273
30.791 16.486 24.598
33.233 17.262 30.583
36.127 21.285 34.964
39.837 26.968 37.519
38.061 33.755 37.676
34.529 39.494 36.327
28.777 42.576 35.381
22.498 42.456 35.368
16.475 41.002 32.223
11.775 35.998 33.197
 
20.821 27.482 46.187
18.716 24.041 40.643
18.485 24.898 34.022
19.213 28.507 28.182
21.911 33.636 24.805
28.294 35.256 23.302
34.169 36.181 23.073
41.42 35.83 24.874
45.011 30.671 27.354
45.276 24.854 30.39
42.369 18.328 30.248
31.605 20.056 15.859
30.536 17.7 22.204
31.734 18.013 28.817
34.708 20.461 33.975
35.231 25.668 37.735
36.716 32.668 38.744
34.38 38.703 37.228
29.218 42.661 34.831
22.161 42.76 33.184
16.062 39.513 32.28
10.954 34.883 32.638
 
19.986 25.096 45.142
17.086 24.068 39.214
17.384 25.919 32.632
17.911 30.424 27.381
21.893 34.742 24.174
28.294 35.859 22.861
34.286 38.766 23.81
40.307 35.975 25.551
43.882 31.083 28.694
45.293 24.567 30.211
44.484 18.314 29.323
30.799 17.917 16.993
29.736 17.909 24.002
31.957 17.255 30.483
35.997 21.085 35.08
38.268 26.96 37.395
37.713 33.502 38.774
33.427 38.201 38.615
28.329 42.343 36.326
22.398 43.373 32.819
16.5 40.155 31.716
11.866 35.68 33.683
 
18.976 26.967 47.289
16.881 25.24 41.074
15.4 26.932 34.627
17.081 29.963 28.503
21.578 32.496 24.485
27.639 34.761 22.549
33.71 37.191 23.142
39.435 34.694 24.283
43.913 32.021 28.946
45.658 25.739 30.424
44.173 18.902 30.208
34.375 19.154 15.639
34.112 15.077 21.032
33.13 16.584 27.723
35.263 19.758 33.293
36.701 25.144 36.851
37.199 32.015 38.079
33.886 37.29 37.005
29.342 42.092 34.743
22.726 42.406 34.445
16.849 40.648 31.259
11.825 36.592 33.676
 
18.083 27.818 46.666
15.778 25.325 40.74
16.268 26.048 34.136
17.522 29.513 28.194
21.724 32.744 24.702
27.369 34.949 23.511
33.6 36.968 22.673
39.317 34.639 23.813
44.13 32.023 28.537
46.46 25.528 29.207
45.988 18.203 28.871
33.401 19.438 16.986
33.088 15.98 22.15
34.345 16.116 29.101
36.014 19.788 34.3
37.282 25.512 37.103
36.087 31.719 38.298
34.394 38.07 36.812
29.062 41.678 35.564
22.641 42.419 35.648
16.841 41.215 31.8
11.693 37.549 34.11
 
17.501 27.002 46.196
15.079 25.642 39.966
17.061 25.6 33.674
18.637 28.789 27.706
22.664 33.592 24.616
28.87 35.112 24.192
34.835 37.932 25.608
40.444 34.976 24.484
45.785 31.064 26.473
46.988 24.845 25.592
44.971 18.558 28.19
30.603 19.041 17.537
31.475 17.163 24.179
34.386 17.61 30.033
38.135 20.381 34.945
38.722 25.371 38.44
36.377 31.736 39.788
33.935 38.215 37.686
29.218 41.443 35.031
22.704 42.574 32.566
15.535 41.418 32.499
10.231 37.03 34.355
 
18.229 26.847 46.433
17.871 25.129 39.964
15.69 26.519 33.407
17.816 29.493 28.204
21.52 32.982 24.209
27.877 35.119 22.754
34.427 36.564 22.91
40.471 34.399 24.308
44.914 31.241 28.331
45.993 24.81 30.344
45.462 18.568 28.084
31.716 18.924 16.863
32.035 16.294 23.293
33.627 17.63 29.412
37.124 20.557 34.361
37.572 26.047 37.735
36.427 32.838 38.665
34.27 38.99 35.94
28.458 41.452 37.471
22.057 42.632 36.331
16.424 41.612 32.153
11.348 36.954 32.93
 
19.389 26.264 45.92
16.536 24.692 39.8
16.315 26.369 33.098
16.905 30.725 27.655
21.679 33.849 24.257
27.994 36.116 23.985
34.441 37.94 24.69
39.668 34.52 24.02
44.96 31.793 27.736
46.023 25.691 29.85
45.678 18.875 28
31.701 18.009 17.196
31.531 16.498 23.876
34.326 17.134 30.12
38.358 20.647 34.386
37.764 25.878 37.76
34.795 32.095 39.336
34.327 38.19 36.206
28.967 41.809 35.201
22.565 43.091 34.95
16.944 41.061 31.41
11.708 37.142 33.327
 
19.481 26.806 45.35
15.615 24.928 39.804
14.484 27.091 33.356
16.324 30.711 27.974
21.139 34.346 25.137
27.517 36.296 24.099
33.679 36.97 23.377
39.598 34.822 23.667
45.218 31.182 26.342
46.989 25.258 27.657
45.641 18.639 28.459
31.91 18.394 17.561
32.875 15.528 23.364
34.84 16.63 30.119
38.206 20.633 34.506
38.147 26.36 37.962
34.525 31.342 39.68
33.97 38.264 37.675
28.59 41.378 34.913
22.655 42.665 34.667
16.617 41.363 32.406
11.281 36.977 33.253
 
21.954 26.115 44.172
18.209 23.394 38.763
17.451 25.682 32.295
18.399 30.186 27.499
22.574 34.024 24.225
28.261 36.763 22.677
34.737 37.799 22.264
40.271 34.601 24.269
44.033 31.019 28.818
45.257 24.991 28.919
42.156 18.897 31.204
31.657 17.842 16.856
31.207 15.832 23.538
32.418 17.711 30.107
35.362 21.625 34.888
38.243 27.111 37.599
36.159 33.31 38.858
33.764 39.231 37.585
28.403 42.683 37.543
21.998 42.359 36.65
16.975 40.338 31.776
12.236 35.918 33.32
 
17.592 26.271 45.434
14.788 25.974 39.285
13.009 27.53 32.576
16.323 30.538 27.635
21.633 34.571 25.121
27.52 36.669 24.872
33.848 36.912 24.055
39.615 34.704 24.09
44.684 31.999 28.45
47.35 25.564 28.272
46.239 19.044 26.712
30.577 18.107 17.985
32.509 16.369 24.456
36.794 16.568 29.857
39.656 20.756 34.374
41 27.158 36.973
37.702 32.12 38.856
34.368 37.668 36.737
29.84 40.94 34.412
23.431 42.22 33.347
16.825 41.301 32.66
10.872 37.698 33.462
 
15.956 26.08 46.066
15.269 24.759 39.581
16.188 26.521 33.013
17.472 30.778 27.934
22.397 34.13 24.4
28.103 36.197 24.054
34.519 38.463 25.18
39.998 35.311 23.753
45.098 31.909 26.704
46.731 25.752 27.249
45.885 18.821 26.399
30.58 17.101 18.7
32.932 14.922 24.744
35.422 17.187 30.669
40.441 21.277 33.51
40.174 26.808 37.059
36.845 31.861 38.721
34.846 38.258 36.866
29.916 41.874 35.59
23.352 43.268 34.791
16.996 41.08 33.763
11.49 36.774 32.09
 
20.175 26.806 45.669
16.954 25.04 40.067
16.246 25.871 33.599
17.565 29.65 27.792
21.109 33.565 23.937
27.27 34.278 22.939
33.589 36.779 23.102
39.098 34.541 25.065
43.303 32.17 29.957
45.305 25.586 31.525
44.431 18.782 29.777
33.918 18.485 15.537
33.402 16.055 21.735
34.027 16.577 28.497
36.475 20.285 33.977
37.366 26.066 37.147
34.739 31.909 38.889
34.233 38.258 36.169
29.108 42.199 35.105
22.814 43.447 33.493
16.745 42.147 34.84
10.914 38.082 35.259
 
21.284 27.214 46.665
18.554 25.144 40.413
17.053 26.985 33.52
17.06 30.853 27.922
21.088 34.565 23.884
27.81 35.221 23.268
34.21 37.773 24.362
40.203 34.924 24.32
44.545 31.573 28.9
45.858 24.699 29.944
44.252 18.052 29.952
33.238 18.181 15.913
32.494 16.159 22.204
33.283 16.598 29.03
35.832 19.959 34.395
35.51 25.102 37.833
34.659 32.391 38.663
33.508 38.433 36.148
27.758 41.221 36.784
21.94 43.963 33.583
15.659 40.907 33.216
11.215 35.441 33.71
 
20.213 27.875 46.758
18.772 25.895 40.214
15.065 27.117 34.3
17.364 29.921 28.485
20.799 33.571 24.138
27.118 34.39 22.505
33.505 36.153 22.554
39.605 33.946 24.457
44.596 31.541 28.706
45.907 25.085 30.812
45.702 18.555 28.958
32.771 21.268 16.894
32.302 16.5 21.894
33.891 16.836 28.87
36.469 19.73 34.312
36.55 25.305 37.616
36.798 32.323 37.912
33.376 37.414 36.997
28.287 40.945 37.076
22.078 42.871 34.678
16.251 41.755 33.322
11.123 37.002 33.949
 
21.396 28.385 46.192
18.157 25.58 40.617
16.453 26.073 34.04
16.709 29.823 28.208
21.5 33.011 24.143
27.757 34.729 22.942
33.951 37.273 23.984
39.997 34.815 24.67
44.509 31.471 28.91
45.952 25.271 30.383
44.776 18.428 29.046
32.503 19.843 15.802
31.848 16.898 21.732
33.605 17.184 28.64
35.277 19.85 34.144
35.645 24.959 37.86
35.489 31.827 39.477
33.233 37.695 37.278
27.871 40.972 36.062
22.492 43.273 32.497
15.961 40.601 32.133
11.263 35.695 33.602
 
21.665 24.61 43.103
17.347 24.65 38.279
15.539 27.641 32.276
17.208 32.036 26.966
21.584 34.575 23.464
27.794 35.38 21.811
34.504 36.389 21.881
40.553 34.254 23.941
45.36 30.973 27.954
45.808 24.518 30.531
44.161 18.27 31.161
32.958 17.278 16.868
30.974 16.52 23.429
33.057 17.2 30.11
35.748 21.197 34.617
38.09 26.721 37.291
36.746 33.332 37.782
33.37 38.545 36.187
27.673 41.931 36.447
21.609 43.64 35.566
15.12 41.375 36.14
10.514 36.158 35.607
 
18.453 28.74 47.212
17.861 26.801 41.241
15.52 26.41 34.909
16.901 28.564 28.805
21.302 32.501 24.934
27.248 34.301 24.131
33.77 36.963 24.435
39.975 35.214 25.117
44.619 31.536 28.91
46.553 25.177 29.666
45.97 18.879 28.002
32.792 20.096 15.569
31.456 18.277 22.18
34.117 16.626 28.355
37.417 19.47 33.642
37.795 25.389 37.11
36.858 32.054 38.719
32.798 37.072 38.549
27.544 40.517 36.585
22.392 43.327 32.619
16.169 41.258 32.117
10.967 36.804 32.519
 
19.446 28.293 47.03
17.252 25.592 41.155
17.594 25.691 34.486
18.763 28.579 28.183
22.001 33.039 24.183
27.59 35.42 23.306
34.322 37.47 23.819
39.744 34.59 24.38
44.453 31.961 28.726
45.59 24.905 30.21
43.862 18.054 29.319
31.791 19.921 16.384
31.16 17.794 22.618
32.937 17.819 28.972
36.158 19.814 34.512
38.136 25.24 37.308
36.541 31.899 38.655
33.36 37.712 37.773
27.743 40.981 36.594
22.739 42.945 32.66
16.157 40.826 30.958
12.102 35.358 32.64
 
16.585 28.711 46.926
15.523 25.989 40.577
13.394 26.821 34.002
16.294 29.098 28.243
21.692 32.5 24.707
27.751 34.486 23.987
34.03 37.008 24.46
40.219 34.843 24.112
45.52 30.83 25.924
47.8 25.017 28.802
46.322 18.538 26.614
31.167 19.579 17.716
32.885 16.271 23.234
35.549 17.094 29.573
38.975 20.043 34.353
38.489 24.932 37.646
36.709 31.709 39.025
33.035 37.64 37.482
28.605 40.832 35.431
22.45 41.91 34.852
16.113 41.877 32.199
10.581 39.075 34.488
 
19.876 27.246 46.138
15.972 26.341 40.596
15.727 26.425 33.94
18.056 28.525 28.548
22.258 31.286 24.316
27.884 34.251 22.258
34.101 35.686 22.254
40.456 35.606 25.261
44.27 30.585 28.191
46.177 24.517 30.858
43.637 18.048 29.542
33.655 18.748 15.24
32.383 16.947 21.826
33.57 16.81 28.528
35.938 20.343 34.145
37.155 25.603 37.608
34.996 32.35 38.68
33.581 38.664 35.767
28.181 41.914 34.304
22.326 42.918 35.771
16.183 41.571 32.983
11.229 36.774 33.967
 
17.83 27.274 46.338
16.385 24.571 40.297
17.379 24.537 33.666
20.258 27.137 28.758
24.667 30.277 25.368
28.634 35.104 23.602
34.916 38.014 23.797
41.052 35.379 25.081
46.091 31.061 27.491
46.321 24.119 28.358
43.777 17.888 27.806
29.629 19.848 17.153
30.072 18.121 24.009
33.244 18.242 29.817
37.709 20.892 34.525
39.277 26.393 37.478
38.03 32.812 38.7
33.982 38.018 37.61
28.371 41.653 35.071
21.907 41.545 34.68
16.081 40.576 31.08
10.735 36.528 32.262
 
19.312 26.131 46.52
16.792 24.796 40.008
17.731 25.639 33.823
19.445 27.975 27.85
23.097 31.276 24.273
28.144 34.833 22.534
34.529 37.52 23.244
40.016 34.273 23.312
43.806 30.559 27.898
45.233 24.905 31.653
45.58 18.506 29.299
32.028 20.07 16.885
32.028 16.746 22.141
32.539 17.109 29.363
35.381 20.598 34.387
38.368 26.413 36.894
35.911 31.907 38.481
33.307 37.85 37.488
28.757 42.318 34.844
23.005 43.018 33.232
16.445 41.368 32.297
11.479 38.077 35
 
19 29.415 46.493
15.396 25.725 41.851
15.69 26.274 35.048
18.649 28.16 29.851
22.85 30.931 25.595
27.367 35.168 23.181
33.628 37.087 23.918
39.614 35.122 25.817
44.828 31.29 28.575
45.888 25.073 30.362
45.796 18.83 27.775
33.874 17.772 14.951
33.121 15.872 21.534
34.865 15.816 28.371
36.218 19.621 33.558
37.278 24.841 37.471
35.158 31.711 38.416
33.2 37.099 37.795
28.892 42.193 35.653
22.749 42.721 33.195
16.22 41.295 33.304
11.754 36.384 31.937
 
16.858 27.584 46.761
15 25.619 40.411
16.192 25.653 33.766
18.178 28.65 28.438
22.222 32.438 25.049
28.123 35.587 23.928
34.502 38.267 25.234
39.859 34.881 24.579
44.613 31.962 28.821
46.335 25.306 28.984
45.438 18.673 28.122
31.099 18.376 16.787
31.564 16.575 23.262
33.929 17.654 29.797
37.407 20.862 34.614
39.26 26.464 37.089
37.365 32.662 38.51
34.479 37.591 38.258
29.106 41.787 36.119
22.996 42.66 34.382
16.554 40.924 32.72
11.763 35.676 31.693
 
18.043 27.549 47.242
15.212 25.782 41.596
15.339 26.383 34.86
17.273 29.203 29.242
21.233 31.802 24.885
27.483 34.17 23.059
33.609 37.199 23.735
39.752 35.047 25.086
43.508 31.604 29.853
45.551 25.603 29.804
43.692 19.097 30.304
34.268 18.34 14.903
32.679 16.658 20.977
33.274 16.754 28.026
35.526 19.942 33.643
35.848 24.86 37.227
35.834 32.026 38.502
33.881 38.205 37.038
29.128 42.271 34.834
23.228 42.446 31.692
17.243 41.187 32.371
12.862 35.545 32.716
 
18.189 27.309 46.692
15.092 25.802 40.869
15.328 26.865 34.169
18 28.945 29.121
20.85 33.715 24.381
26.915 34.531 22.91
33.169 37.079 24.275
39.239 34.818 24.673
44.073 32.167 29.062
46.517 26 29.641
45.871 18.956 28.582
33.645 17.974 15.281
32.755 16.779 21.91
34.581 16.557 28.216
37.458 19.865 33.648
37.883 25.451 37.022
34.968 30.916 38.979
32.858 37.08 36.907
29.772 42.222 33.497
23.017 43.978 33.651
16.927 41.934 34.45
11.27 38.093 34.833
 
20.037 28.371 46.966
16.653 25.795 41.439
17.073 25.91 34.431
16.713 30.519 29.019
20.781 33.687 24.839
27.601 34.863 23.562
34.018 36.921 25.019
39.28 33.861 23.519
43.691 31.863 28.79
44.535 25.513 31.639
44.405 18.913 29.789
33.832 19.374 15.245
32.288 16.906 21.173
33.13 17.376 27.992
35.162 20.17 34.058
36.759 25.232 37.99
35.28 32.095 38.703
34.299 37.83 36.2
28.437 41.198 36.755
22.838 43.342 33.624
16.744 40.233 31.37
12.21 35.286 33.032
 
19.945 27.665 45.645
15.948 24.796 40.388
15.632 26.403 33.388
17.467 30.189 27.98
22.431 33.61 24.84
28.24 36.338 23.657
34.625 37.529 23.837
39.648 34.121 22.734
44.888 30.667 26.169
46.243 24.793 30.016
44.368 18.042 29.303
31.247 20.64 16.973
30.652 18.133 23.346
33.213 18.128 30.078
37.966 20.615 34.477
38.906 26.398 37.586
36.12 31.402 39.27
33.517 37.717 37.794
28.737 42.123 35.673
22.861 42.361 32.493
16.271 40.021 32.561
10.729 35.426 33.029
 
19.614 26.25 45.494
17.655 25.005 38.985
15.911 26.184 32.71
17.064 30.255 27.293
21.349 34.4 24.42
27.307 36.024 23.138
34.075 36.982 23.797
39.924 34.023 23.961
45.634 31.218 26.763
46.892 24.814 29.293
44.754 17.972 28.739
30.89 19.737 17.545
31.589 16.782 23.546
33.773 17.482 29.863
37.74 21.096 34.698
40.742 26.787 36.853
36.934 32.139 38.68
33.346 38.027 37.513
28.701 42.212 35.552
22.338 42.545 34.846
16.152 41.089 31.806
11.439 36.474 33.28
 
17.844 27.946 47.992
17.312 25.848 41.789
17.092 26.038 34.871
18.25 28.387 28.913
21.548 32.562 25.125
27.322 35.046 23.092
33.877 37.07 23.436
39.764 34.209 24.118
44.538 31.141 27.945
46.377 24.651 29.824
44.808 18.146 28.586
33.357 20.682 15.181
31.761 17.536 21.474
33.172 17.32 28.33
36.432 19.891 33.747
37.816 25.443 37.174
36.382 31.623 38.62
33.048 37.01 38.288
29.271 42.194 34.951
22.714 42.038 32.28
16.277 40.222 30.881
11.763 35.174 32.369
 
18.735 26.483 46.658
17.977 24.202 40.377
16.517 25.341 33.606
18.17 29.394 28.509
21.498 34.269 25.72
27.894 36.711 24.125
34.654 37.606 22.894
40.744 34.289 23.997
45.78 30.886 27.208
46.244 24.222 29.583
43.225 18.282 29.899
31.652 18.531 16.114
30.476 18.182 22.655
31.398 19.018 28.936
34.775 22.01 34.513
36.56 26.703 37.464
37.515 33.404 38.874
35.094 39.312 36.562
28.956 42.339 35.862
22.071 42.24 35.457
16.191 39.9 32.24
11.957 34.829 31.763
 
19.763 27.857 46.711
16.806 25.674 40.703
15.003 26.698 34.257
18.22 28.161 28.994
21.098 32.422 23.893
27.267 33.389 22.25
34.042 35.638 22.954
40.042 35.384 25.944
44.039 30.488 28.271
45.672 23.842 30.499
43.369 17.284 29.625
34.322 20.049 15.104
32.642 17.125 21.312
33.847 17.434 28.335
36.113 20.169 34.133
38.031 26.047 37.036
36.484 32.528 38.192
32.7 37.807 36.992
28.32 41.848 33.976
22.454 43.099 34.355
16.125 41.801 32.902
10.58 37.599 34.719
 
16.976 25.863 46.112
16.029 24.453 39.514
16.003 26.275 32.877
17.804 29.919 27.72
22.045 33.07 24.473
28.031 36.089 22.897
34.666 37.44 23.533
40.802 35.707 24.726
44.683 30.676 25.557
45.882 25.043 29.363
45.242 18.512 28.21
30.628 17.052 18.017
31.635 16.547 24.303
34.451 17.074 30.377
36.728 21.12 35.228
38.294 26.694 37.861
36.531 32.435 38.827
33.67 38.099 38.302
28.717 42.342 36.43
22.651 42.488 36.008
17.139 40.724 31.858
12.314 35.715 31.985
 
19.367 27.758 47.29
17.451 26.063 41.118
15.385 26.698 34.686
16.96 28.791 29.007
21.117 31.071 24.388
27.264 33.085 22.636
33.561 36.408 23.918
40.03 36.037 26.532
44.344 31.266 27.296
44.857 24.912 30.92
44.042 18.428 30.119
35.233 19.512 14.568
33.211 16.717 20.531
33.262 17.055 27.565
35.773 20.071 33.632
38.641 25.421 37.055
36.287 31.554 38.137
32.955 37.122 37.352
29.005 41.579 34.113
22.657 42.647 34.345
16.629 41.122 31.046
11.359 37.585 34.055
 
